"","Percent_electric","Percent_Transportation","Percent_Industry","Carbon_Emission$Year"
"1",29.1401987001892,23.6529954714737,25.6043091819475,1990
"2",29.372566726873,23.1915724729537,25.4657185171793,1991
"3",29.0906457002595,23.700368881129,25.5851896989006,1992
"4",29.7211079043621,23.8438429002226,24.6757746653828,1993
"5",29.7025233446558,24.3530350824734,24.7355977539526,1994
"6",29.5765649988678,24.5678769125183,24.6874608207714,1995
"7",29.7447627343009,24.6497998874922,24.3894064704964,1996
"8",30.440515355019,24.833897430381,24.1998467645547,1997
"9",31.4517080620905,25.2619882769738,23.6475616411406,1998
"10",31.4484847517395,26.1033252587125,22.7937809324615,1999
"11",32.0859198640048,26.1143151021226,22.0671537963373,2000
"12",32.0173825182299,26.1170843876283,21.7464247954239,2001
"13",32.0527493928207,26.5317421495045,21.3655865021968,2002
"14",32.2396460043016,26.4338555312517,20.9064410026694,2003
"15",32.1839599368947,26.463834275297,21.242407410142,2004
"16",33.0436307357294,26.5708250978799,20.6618960466033,2005
"17",32.6218749413222,26.8430744742181,21.3378998430715,2006
"18",33.0559598591343,26.4534188020671,20.9060989115057,2007
"19",33.3411654640398,25.8389470162052,20.7378479004778,2008
"20",32.3882066007985,26.4656694635606,19.8301759152572,2009
"21",33.0214207525955,25.7194605944966,20.5321529084519,2010
"22",32.3117477476768,25.837441207883,21.0857137521846,2011
"23",31.3899668582196,26.4725034447027,21.7972570665228,2012
"24",30.8400761659902,25.8164496125769,21.9550107253043,2013
"25",30.5775829011719,26.0896425844084,21.5471283261958,2014
"26",29.1930627050538,26.811148531633,21.8869267452235,2015
"27",28.4572452282747,27.9608691473437,21.786223623046,2016
"28",27.3889981776344,28.3828579627236,22.2533866858729,2017
"29",26.9132450721151,28.0332376879406,22.5442186992954,2018
"30",25.1221910584699,28.5205318991836,23.1547389465338,2019
"31",24.7800543625774,27.2115386210727,23.8440066797634,2020
